episode	win_rate	score
1000		2.4	10280.2
2000		12.3	15346.3
3000		19.3	17444.5
4000		33.9	21124.1
5000		44.5	23845.8
6000		54.7	27916.2
7000		55.6	28483.4
8000		60.1	30927.6
9000		63.5	32325.7
10000		64.1	33434.5
11000		68.8	35997.9
12000		70.4	36782.2
13000		76.4	39676.5
14000		75.7	40731
15000		79.6	42868.5
16000		84.7	47033.8
17000		84.5	47708.2
18000		84.2	49232.1
19000		86.2	50320.3
20000		87.1	52383
21000		90	52660.4
22000		88	55594.2
23000		87.4	55426.9
24000		91.4	56743.7
25000		88.1	56378.1
26000		92.7	59292.3
27000		90.2	58920
28000		90.5	59022.3
29000		91.3	59975.6
30000		91.6	61792.7
31000		91.8	61803.1
32000		93.3	63347.5
33000		92	61411.9
34000		92.7	60912.5
35000		92	61538.9
36000		91.6	62463.1
37000		93.8	63701.3
38000		93.4	64733.8
39000		92.9	65047
40000		92.1	63055.6
41000		93.4	65053.6
42000		94.8	67377.9
43000		93.8	66685.3
44000		92.3	66035.5
45000		92.7	67283.2
46000		92.7	65406.2
47000		93.1	67528.3
48000		94.8	68930.5
49000		94.2	70067.6
50000		93.6	67624.4
51000		93.2	68730.1
52000		93.7	70214.4
53000		93.7	70745.4
54000		93.7	70884.5
55000		92.1	68945.4
56000		94.8	71397.2
57000		94.1	71707.2
58000		92.7	70273.7
59000		95.1	72839
60000		94.9	75441.6
61000		94.4	74442
62000		94.5	76608.2
63000		95.5	77856.7
64000		94.1	76426.4
65000		93.9	80183.3
66000		94.2	80303.7
67000		94.2	82440.2
68000		94.9	81133.3
69000		95	81769.4
70000		92.9	81246.4
71000		94.2	83534.3
72000		93.5	82995.9
73000		93.4	82540.5
74000		94.7	85944.7
75000		94.7	89608.7
76000		96	89555.9
77000		93.2	88251.3
78000		94.2	87213.4
79000		95.4	89038.3
80000		95.2	89456.6
81000		94.4	90096.2
82000		93.2	86692.7
83000		95.4	91050.2
84000		94.9	91150
85000		94.9	92664.6
86000		95.7	94718.5
87000		94.5	88867.7
88000		95.6	92431.9
89000		93.5	92211.1
90000		93.7	90935.2
91000		94.6	95381.6
92000		95.1	96578.7
93000		95.1	95047.9
94000		94.2	94987.3
95000		93.7	92515.5
96000		95.7	92772.5
97000		94.5	95568
98000		95.4	94413.3
99000		95.2	98755.3
100000		95.8	95566.9
101000		96.6	104124
102000		95.6	106855
103000		97	108221
104000		95.1	104426
105000		95.7	106871
106000		96.4	107648
107000		96.5	107393
108000		97.3	109126
109000		97.4	108167
110000		96.3	108203
111000		96.2	106349
112000		95.7	109739
113000		96.5	109919
114000		95.6	108915
115000		96.4	107858
116000		97	106775
117000		97.4	109995
118000		96.9	108600
119000		97.1	110367
120000		97	110182
121000		96.9	110987
122000		97.2	109890
123000		96.2	110360
124000		97.3	113027
125000		96.6	108120
126000		97.5	110618
127000		96.9	111294
128000		96.9	111069
129000		96.1	108642
130000		97.5	113059
131000		97.2	112090
132000		97.5	110674
133000		97.2	110979
134000		96	107885
135000		96.8	110257
136000		96.6	111353
137000		96.5	111905
138000		96	110037
139000		96.6	113857
140000		97.3	114116
141000		96.1	110502
142000		97	112296
143000		95.7	110736
144000		97.1	112818
145000		96.1	109305
146000		96.2	113154
147000		96.5	110644
148000		96.3	112874
149000		98	113688
150000		97.3	111356
151000		96.6	112522
152000		96.5	114747
153000		96.4	110219
154000		97.2	114761
155000		97.2	115482
156000		97	110264
157000		96.9	115072
158000		96.3	111148
159000		95.9	113598
160000		97.9	114400
161000		97	112734
162000		96.4	113252
163000		96.7	113405
164000		96.2	111381
165000		97.3	116034
166000		96.8	112243
167000		96.5	112264
168000		97.6	111956
169000		96.4	112252
170000		96.2	113486
171000		96	114068
172000		96.6	112472
173000		96.5	113163
174000		97.3	114219
175000		97.3	114747
176000		97.4	113947
177000		96	111881
178000		97	113610
179000		96.8	113045
180000		96.9	115701
181000		97	114533
182000		97.1	116293
183000		97.3	113033
184000		96.4	113132
185000		96.9	114875
186000		96.5	114200
187000		96.7	114209
188000		96.8	113371
189000		97.6	115835
190000		97.3	115280
191000		96.2	115719
192000		97.3	116685
193000		96.3	116063
194000		96.7	117376
195000		97.5	115253
196000		97.5	116882
197000		97.3	116106
198000		96.5	115649
199000		97	113910
200000		97.4	114778
201000		97.1	116031
202000		96.4	117109
203000		97.3	118464
204000		97.7	118915
205000		97.2	117940
206000		96.3	117176
207000		97.7	120198
208000		96.9	115637
209000		97	117157
210000		96.8	116460
211000		98.1	121368
212000		97	118014
213000		98.3	120415
214000		96.6	119111
215000		97.3	117875
216000		97.4	119348
217000		97.3	120021
218000		97.3	117238
219000		98.1	121515
220000		96.7	117619
221000		97.6	120430
222000		97.5	122164
223000		97.4	122459
224000		97.4	121461
225000		97.2	118136
226000		97.1	119204
227000		97.8	119367
228000		97.6	119216
229000		97.5	120179
230000		98.1	117945
231000		97.7	121059
232000		97.7	121236
233000		96.7	121483
234000		96.1	116388
235000		97.3	119682
236000		97	120268
237000		98	122755
238000		97.1	119908
239000		97.7	120148
240000		97.8	123534
241000		97.4	121160
242000		97.3	121647
243000		97.8	119553
244000		97.9	119810
245000		97.5	120872
246000		97.8	122527
247000		96.6	122115
248000		98	120736
249000		97.1	119085
250000		96.6	118579
251000		97.5	121405
252000		96.1	121278
253000		97.5	119425
254000		97.4	119200
255000		97.7	121483
256000		98.3	122683
257000		96.5	117411
258000		97.8	118539
259000		98	120253
260000		98.1	121246
261000		97.3	119601
262000		97.7	121294
263000		97.1	121586
264000		96.8	118612
265000		97.4	117797
266000		97.5	121300
267000		97.6	118093
268000		97.5	121148
269000		97	122339
270000		96.7	120221
271000		96.6	118759
272000		97.3	118969
273000		96.6	120299
274000		97.2	121873
275000		98.2	121373
276000		97.6	120469
277000		97.1	119948
278000		96.3	120537
279000		96.8	119392
280000		97.8	120601
281000		97.7	120460
282000		98.2	121036
283000		96.6	120244
284000		96.7	117624
285000		96.8	121074
286000		97.9	123690
287000		97.5	122342
288000		97.4	119025
289000		97.7	122047
290000		97.1	118767
291000		97.7	122303
292000		97.3	120199
293000		97.3	120992
294000		97.1	119305
295000		98.1	118307
296000		97.5	119453
297000		97.6	118639
298000		96.2	120062
299000		97.4	120272
300000		98.3	123807
301000		97.8	122988
302000		97.4	121747
303000		96.3	120695
304000		96.5	121346
305000		97.7	122201
306000		97.4	121310
307000		97.7	120850
308000		98.1	123163
309000		97.6	121835
310000		97.1	122106
311000		96.8	121316
312000		98.5	123907
313000		97.7	121665
314000		97.8	122420
315000		97.7	125888
316000		97.4	121868
317000		98	123143
318000		97.5	121817
319000		97.7	121444
320000		97.1	122190
321000		98	122804
322000		97.7	122942
323000		97.4	125187
324000		97.6	122924
325000		97.7	122519
326000		97.2	121107
327000		98	122884
328000		97.5	122978
329000		97.6	123070
330000		96.9	122447
331000		97	121344
332000		97.2	121662
333000		97.3	122293
334000		98	120784
335000		97.4	122280
336000		97.6	124097
337000		98	122960
338000		97.5	123813
339000		97	120350
340000		98	123120
341000		98.5	122576
342000		97.7	123559
343000		97	124802
344000		97.4	121718
345000		98.4	123460
346000		98.4	122519
347000		96.8	120992
348000		97.8	121572
349000		97.6	123329
350000		97.7	121787
351000		98	122789
352000		97.9	122950
353000		97.3	123078
354000		97.3	124446
355000		98.1	121825
356000		97.7	123656
357000		97.8	122829
358000		97.5	122947
359000		98.3	125504
360000		97	121547
361000		98.4	124319
362000		97.2	122100
363000		98.7	124064
364000		97	122406
365000		97.1	125526
366000		97.8	123853
367000		98.3	125138
368000		97.4	123460
369000		97.9	122792
370000		98	122738
371000		97.8	121891
372000		96.7	125478
373000		97.8	122871
374000		97.3	122956
375000		98.6	123121
376000		97.4	120120
377000		97.3	122880
378000		97.8	124820
379000		97.5	123114
380000		97.4	122435
381000		97.8	122438
382000		98.4	123796
383000		98.2	123324
384000		98.1	126727
385000		97.4	124113
386000		96.2	120826
387000		98.3	124663
388000		97.1	120733
389000		97.7	122769
390000		97.8	124544
391000		97.7	121408
392000		98.1	125872
393000		98.1	124285
394000		98.2	125463
395000		97.9	122146
396000		97	122834
397000		98.1	124840
398000		97.4	123778
399000		97.1	122371
400000		96.1	119712
401000		97.6	121665
402000		98.1	123126
403000		97.8	122501
404000		97.4	124990
405000		98	122511
406000		97.3	124885
407000		97.4	123085
408000		97.1	123236
409000		96.9	124423
410000		97.3	122369
411000		97.1	124230
412000		97.4	124386
413000		97.2	122576
414000		97.2	119901
415000		98.4	126664
416000		97.7	124489
417000		98.2	123750
418000		97.5	122895
419000		98.2	124059
420000		97.7	123536
421000		97.9	124988
422000		97.6	122169
423000		97.4	122433
424000		98.3	123320
425000		97.1	121627
426000		97.1	123664
427000		98.1	123332
428000		97.6	123578
429000		97	123561
430000		97	122921
431000		97.8	120926
432000		97.7	122768
433000		97.3	123476
434000		97.4	125416
435000		98.2	122925
436000		96.6	122622
437000		97.2	123337
438000		97.7	124866
439000		97.3	122132
440000		97.1	121381
441000		98.1	122214
442000		98.2	122204
443000		96.8	122538
444000		97.4	122222
445000		97.8	123535
446000		98.3	123347
447000		96.4	123071
448000		97	122678
449000		97.4	121666
450000		97.7	124645
451000		97.4	123901
452000		97.9	123993
453000		98.1	123700
454000		96.8	120026
455000		98	123250
456000		98.1	124345
457000		98.2	124400
458000		98.1	123214
459000		98	123579
460000		97.6	123007
461000		97.8	124765
462000		97.7	122889
463000		98.8	127270
464000		98.2	126516
465000		97.8	123109
466000		97.2	121697
467000		98.2	123570
468000		97.7	126315
469000		97.3	122291
470000		98	125063
471000		97.1	122981
472000		98	123547
473000		97.5	125868
474000		98	124945
475000		98.3	124148
476000		98.6	125288
477000		97.4	124325
478000		97.8	124862
479000		97.4	124227
480000		98.1	123190
481000		98	123062
482000		97.6	125210
483000		97.4	124404
484000		97.6	123093
485000		98.7	123939
486000		97.5	124828
487000		97.7	122769
488000		97.7	124369
489000		97.1	123086
490000		97	123005
491000		98.2	122386
492000		97.1	123413
493000		97.8	124873
494000		97.8	124650
495000		98.4	126686
496000		97.4	122572
497000		97.6	127041
498000		98.2	125598
499000		97.8	122551
500000		98	126239
501000		97.9	123807
502000		97.5	122111
503000		96.9	122302
504000		97.8	125162
505000		97.9	124867
506000		98.7	124405
507000		98.1	125448
508000		98.3	121797
509000		97.7	124692
510000		97.8	124298
511000		98.8	122684
512000		98.6	125293
513000		97.3	124404
514000		98	123565
515000		98	123276
516000		98.1	124174
517000		97	123907
518000		97.8	125717
519000		97.8	124434
520000		97.3	124466
521000		97.3	124929
522000		98	123503
523000		97.8	125278
524000		98.5	124403
525000		97.4	125322
526000		98.2	122932
527000		98.8	125409
528000		97.6	125074
529000		97.8	123416
530000		98.3	123408
531000		97.5	123804
532000		97.5	123380
533000		97.6	123780
534000		97.2	121921
535000		98	123881
536000		98.3	122152
537000		97.4	122895
538000		98.1	121800
539000		98.3	123466
540000		97.6	123891
541000		97	123483
542000		96.8	122460
543000		97.2	123262
544000		98.7	126060
545000		98.4	124985
546000		98.2	124933
547000		97.6	124021
548000		98.2	124647
549000		97.7	124496
550000		97.4	125001
551000		97.5	123819
552000		97.3	121025
553000		97.8	123481
554000		97.5	125212
555000		97.8	122751
556000		98.7	125338
557000		97.7	124449
558000		98.5	128039
559000		97.7	124630
560000		97.7	123982
561000		96.6	122428
562000		97.5	126152
563000		97.9	124708
564000		96.8	123424
565000		97.7	123463
566000		97.4	124030
567000		98	126927
568000		97.9	126942
569000		97.5	123084
570000		97.8	122381
571000		97.2	123404
572000		97.6	123799
573000		97.5	122790
574000		97.8	126958
575000		97.7	123890
576000		97.4	123627
577000		97.6	124095
578000		98.1	125364
579000		97.8	124449
580000		96.4	120925
581000		97.4	123103
582000		96.8	125883
583000		97.8	122690
584000		98.4	123068
585000		97.4	123403
586000		97.3	123929
587000		98.2	123719
588000		97.4	122684
589000		96.9	122100
590000		97.9	124304
591000		98	124692
592000		98.5	125145
593000		97.8	124502
594000		97	120627
595000		97.3	123500
596000		98.1	125138
597000		98.6	124575
598000		97.6	125705
599000		97.5	124031
600000		96.7	124290
601000		96.9	122540
602000		97.3	125075
603000		97	122476
604000		98	124984
605000		98.6	125824
606000		98.6	127425
607000		98	124600
608000		98.2	124557
609000		97.6	123524
610000		97.1	124269
611000		98.4	126686
612000		97.5	121566
613000		97.8	123249
614000		97.2	122911
615000		97.6	123914
616000		97.8	123741
617000		98.4	125199
618000		97.3	122754
619000		97.8	123212
620000		97.6	122200
621000		98.2	123382
622000		97.3	125824
623000		97.9	126267
624000		98	124985
625000		96.9	123167
626000		97.9	123492
627000		97.5	121526
628000		97	125423
629000		97.8	122963
630000		97.6	125097
631000		96.9	122489
632000		97.5	125561
633000		97.6	125763
634000		97.3	123047
635000		97.8	122530
636000		97.3	125488
637000		97.2	125098
638000		97.4	125432
639000		97	124343
640000		98.2	125728
641000		98.1	124603
642000		97.5	125832
643000		97.3	123317
644000		97.4	122225
645000		96.9	123603
646000		98.1	122892
647000		97.8	124697
648000		97.1	124968
649000		97	124686
650000		97.9	123680
651000		97.9	123879
652000		96.9	121248
653000		97.3	123479
654000		97.2	125017
655000		98.5	125240
656000		98.5	126050
657000		97.9	125093
658000		97.7	124409
659000		96.5	124273
660000		97.8	123469
661000		97.5	122926
662000		98	125034
663000		97.7	125829
664000		96.7	121614
665000		96.9	123777
666000		98	122758
667000		98.4	126337
668000		97.6	122772
669000		97.6	124029
670000		97.8	126126
671000		98.1	124557
672000		98.3	124331
673000		97.2	125375
674000		97.8	125494
675000		97.7	123139
676000		97.2	125341
677000		98.1	124742
678000		97.7	123030
679000		97.5	127041
680000		97.7	124908
681000		97.9	123671
682000		97.4	125982
683000		97.5	125838
684000		97.5	121918
685000		96.4	121900
686000		97.9	123890
687000		96.9	122205
688000		96.8	124678
689000		97.5	124901
690000		97.3	122862
691000		97.9	125939
692000		98.1	124513
693000		97.8	124022
694000		97.5	124828
695000		98.2	123356
696000		96.5	122817
697000		98.7	125293
698000		97.9	121827
699000		98.5	124306
700000		97.9	125517
701000		98.1	124128
702000		97.9	125559
703000		96.8	123049
704000		97.4	124339
705000		97.6	123883
706000		97.7	125863
707000		97.6	126085
708000		97	124140
709000		97.5	121597
710000		97.7	125133
711000		98	124690
712000		98.3	125594
713000		98.2	126302
714000		98.4	124606
715000		98.2	126192
716000		97.1	122723
717000		97.5	122015
718000		97.4	123949
719000		98.3	125047
720000		98.2	124870
721000		98.1	125256
722000		97.6	125044
723000		97.8	123221
724000		97.7	124748
725000		98	124522
726000		98.2	126458
727000		97.4	123607
728000		97	124870
729000		97	126430
730000		97.7	125109
731000		97.8	125685
732000		97.9	123118
733000		98.1	124263
734000		98.3	125793
735000		98	122005
736000		97.7	122727
737000		97.1	126439
738000		97	122541
739000		97.2	123687
740000		98.1	124595
741000		97.2	125003
742000		98	123921
743000		97	124472
744000		98.7	128357
745000		98.1	121928
746000		98.2	126721
747000		97.6	124251
748000		98.2	125685
749000		97.2	125706
750000		97.3	124534
751000		97.6	124670
752000		97.5	121929
753000		98.3	126976
754000		98.1	126397
755000		97.6	124615
756000		97.6	125783
757000		97.7	126933
758000		96.9	125232
759000		97.1	120774
760000		98	124514
761000		98.1	125650
762000		96.9	123254
763000		98	122988
764000		97.2	123408
765000		98.8	123827
766000		97.8	124211
767000		97.2	124279
768000		98.4	126698
769000		96.7	125439
770000		97.2	122076
771000		98	124545
772000		98	126160
773000		97.7	123961
774000		97.7	123963
775000		97.1	125464
776000		98.7	125861
777000		97.2	124341
778000		98.3	123063
779000		97	123228
780000		98.2	125022
781000		97.5	123977
782000		97.6	123595
783000		97.4	123853
784000		97.2	124555
785000		97.3	125311
786000		98	125652
787000		98.1	125309
788000		97.3	124926
789000		97.8	121783
790000		97.8	125633
791000		97.5	124226
792000		98.4	125455
793000		97.8	123148
794000		97.3	124517
795000		97.2	122863
796000		97.2	122792
797000		97.5	124299
798000		97.9	126647
799000		97.8	124439
800000		97.5	124119
801000		97.6	124619
802000		97.3	123600
803000		98.4	124021
804000		97.8	124218
805000		97.9	124367
806000		98	122364
807000		97.8	125052
808000		97.5	125052
809000		97.3	126395
810000		97.6	122170
811000		97.9	125095
812000		97.5	125489
813000		98.8	125274
814000		97.6	124521
815000		97.5	124892
816000		98.4	128261
817000		97.5	123437
818000		98.2	126411
819000		98.5	125375
820000		97.6	123503
821000		98.2	126548
822000		97.1	125833
823000		98.3	129574
824000		97	125591
825000		98	125348
826000		97.2	124952
827000		98.5	124798
828000		97.8	127786
829000		97.9	123700
830000		97.1	124411
831000		98.2	124762
832000		98	128211
833000		97.9	124033
834000		98	124667
835000		96.5	123008
836000		98.1	127162
837000		98.4	127438
838000		97.2	125794
839000		98.3	125853
840000		97.9	125959
841000		98.5	126006
842000		98.1	125118
843000		97.4	124005
844000		97.6	124800
845000		97.8	126168
846000		97.5	123932
847000		97.7	124272
848000		97	124165
849000		98.1	122894
850000		97.1	123543
851000		97.2	124236
852000		97.7	126536
853000		97.4	124334
854000		97.9	125511
855000		98	124768
856000		97.4	123464
857000		97.5	125734
858000		97.1	124742
859000		97.3	126719
860000		97.9	125774
861000		97.5	125277
862000		97.9	126545
863000		97.7	125524
864000		97.3	125687
865000		97.1	124528
866000		97.7	125327
867000		97.6	124347
868000		98.1	123453
869000		98.2	127335
870000		97.8	125129
871000		97.6	124683
872000		98	127035
873000		97.3	126602
874000		97.8	124925
875000		97.2	124006
876000		97.7	125627
877000		97.7	123611
878000		97.3	126581
879000		96.7	125835
880000		97.2	125981
881000		97.4	124523
882000		97.7	124726
883000		98.5	123946
884000		97.6	125053
885000		97.6	123400
886000		97.2	124986
887000		97.6	125677
888000		97.5	122848
889000		97.9	125659
890000		97.2	124322
891000		97.4	122555
892000		97.5	125359
893000		97.6	126651
894000		98	125820
895000		97.4	124352
896000		97.6	125293
897000		97.1	125160
898000		97.3	125660
899000		98.4	122056
900000		97.9	125701
901000		97.1	125751
902000		97.6	123692
903000		97.5	124673
904000		97.2	124637
905000		97.8	126328
906000		97.2	126504
907000		98	122688
908000		97.3	127079
909000		97.6	126523
910000		97.7	125535
911000		97.7	125751
912000		97.2	125626
913000		97.9	124569
914000		96.8	125254
915000		97.3	122848
916000		97.7	126370
917000		97.5	125955
918000		98.1	127475
919000		98	123168
920000		97.7	126876
921000		97.2	124543
922000		97.7	126998
923000		97.9	126515
924000		96.9	124797
925000		98.3	127061
926000		98	127341
927000		97.4	124838
928000		98.1	125042
929000		97.9	124111
930000		97.9	125428
931000		97.2	125878
932000		97.4	123625
933000		97.2	126411
934000		98.1	126929
935000		97.5	125575
936000		97.9	125142
937000		97.9	124186
938000		97.7	125833
939000		97.5	125525
940000		97.9	125524
941000		97.7	126678
942000		96.5	124090
943000		97.8	124530
944000		98.1	123274
945000		97.7	124400
946000		98	123945
947000		97.4	123791
948000		97	125651
949000		97.8	127585
950000		97.9	127970
951000		97.6	127225
952000		97.5	128133
953000		97.8	127116
954000		97.6	125301
955000		97.3	126490
956000		97.1	125082
957000		97.5	126468
958000		97.4	125572
959000		98	127139
960000		97.1	124696
961000		96.4	123239
962000		96.9	124342
963000		97.6	124403
964000		97.6	125020
965000		97.1	126951
966000		97.7	127242
967000		97.7	126789
968000		98.1	125596
969000		96.9	128019
970000		98.7	126247
971000		98.1	124075
972000		97	123938
973000		97.5	128917
974000		97.3	124590
975000		98.2	126310
976000		97.3	125032
977000		97.5	122512
978000		97.2	123046
979000		97.4	124037
980000		97	126779
981000		97	125688
982000		97.1	124524
983000		97.3	123575
984000		97.8	122074
985000		98	125948
986000		98.1	126388
987000		97.5	127528
988000		96.8	124239
989000		98.1	126797
990000		97.4	128180
991000		97.7	125614
992000		97.4	125530
993000		97.7	125270
994000		97	124545
995000		96.9	125638
996000		98	125813
997000		97.8	126011
998000		97.7	125647
999000		97.9	125888
1000000		98.1	124873
