epoch,train_acc,test_acc
1,52.41,54.17
2,63.24,62.69
3,68.06,68.33
4,69.26,69.44
5,69.81,68.89
6,72.41,69.26
7,73.33,70.46
8,75.37,70.65
9,75.83,71.85
10,74.91,72.96
11,78.43,72.41
12,76.94,72.04
13,77.22,73.33
14,79.63,71.85
15,79.72,73.52
16,80.28,72.78
17,79.26,73.06
18,79.17,73.33
19,78.43,74.26
20,80.83,73.98
21,80.93,73.89
22,80.37,73.7
23,80.74,73.7
24,80.93,73.98
25,82.04,73.06
26,81.94,73.33
27,81.2,74.26
28,82.87,73.61
29,83.33,74.72
30,82.59,73.61
31,81.02,74.63
32,81.39,74.17
33,83.52,73.24
34,83.8,74.91
35,85.0,76.85
36,85.83,78.33
37,85.09,78.52
38,85.74,77.22
39,88.06,76.2
40,87.78,77.96
41,86.85,78.89
42,88.06,76.2
43,90.56,78.61
44,88.06,77.87
45,89.81,79.26
46,90.28,80.65
47,90.0,80.28
48,90.65,81.02
49,90.46,81.11
50,90.74,78.24
51,89.81,80.65
52,90.28,77.59
53,89.07,78.52
54,88.15,79.72
55,91.3,75.74
56,90.28,78.15
57,91.11,75.28
58,89.81,82.13
59,91.3,82.22
60,91.94,81.67
61,92.31,81.67
62,92.59,79.91
63,92.69,81.76
64,92.04,81.76
65,91.76,81.48
66,93.8,82.41
67,94.07,81.11
68,92.59,82.78
69,93.15,82.59
70,94.17,80.74
71,94.07,81.2
72,93.61,81.3
73,94.35,81.2
74,93.89,81.57
75,94.54,82.87
76,94.17,80.56
77,93.61,81.85
78,93.06,79.81
79,93.7,82.59
80,93.15,82.69
81,93.8,81.02
82,93.33,81.2
83,95.0,81.3
84,94.26,81.3
85,94.26,81.76
86,94.91,82.22
87,94.54,81.02
88,94.63,81.3
89,94.54,82.41
90,96.02,81.11
91,96.3,81.85
92,95.37,81.39
93,97.22,82.13
94,96.39,81.76
95,94.44,80.56
96,94.17,81.39
97,95.09,81.85
98,95.74,82.22
99,95.19,82.41
100,95.56,81.3
101,94.81,75.09
102,94.26,80.74
103,95.28,81.39
104,96.48,81.57
105,96.02,79.91
106,96.57,80.37
107,96.48,81.67
108,97.13,82.04
109,95.65,82.41
110,96.85,82.04
111,96.57,82.69
112,95.28,81.2
113,96.3,80.46
114,97.22,81.48
115,96.85,81.85
116,96.94,81.57
117,95.93,81.3
118,96.02,80.74
119,93.61,80.93
120,95.83,81.3
121,95.83,82.31
122,95.83,80.46
123,94.91,81.76
124,96.11,82.69
125,96.11,82.5
126,96.48,81.76
127,97.31,81.3
128,97.59,81.48
129,97.04,82.78
130,97.78,83.43
131,96.76,83.33
132,97.59,81.94
133,97.13,81.2
134,97.78,81.67
135,98.24,82.41
136,98.15,82.31
137,97.22,82.31
138,97.5,82.04
139,98.06,82.69
140,97.59,83.15
141,97.13,83.15
142,96.85,83.15
143,97.5,82.22
144,96.76,82.96
145,97.31,82.22
146,96.57,82.31
147,97.78,82.5
148,97.96,82.5
149,97.87,82.59
150,97.31,82.41
151,97.5,81.76
152,97.22,81.85
153,95.0,81.94
154,95.19,80.28
155,94.91,82.5
156,96.3,82.59
157,96.57,81.76
158,97.22,82.5
159,97.5,82.04
160,97.59,82.69
161,97.87,83.06
162,98.06,84.07
163,97.87,83.24
164,97.22,82.31
165,97.41,82.5
166,97.69,82.13
167,97.78,82.69
168,98.06,81.94
169,97.87,82.13
170,98.33,82.5
171,97.78,82.96
172,98.15,82.59
173,98.33,82.69
174,97.69,81.67
175,98.06,82.59
176,97.87,82.22
177,98.15,81.85
178,98.33,81.94
179,98.52,82.69
180,98.89,82.69
181,98.43,83.06
182,98.43,82.69
183,98.52,82.5
184,98.7,82.41
185,98.06,82.78
186,98.52,83.52
187,98.24,80.93
188,98.98,83.06
189,98.61,82.22
190,97.69,83.43
191,97.78,83.8
192,98.24,82.59
193,98.61,82.41
194,98.24,82.59
195,98.33,82.69
196,97.87,81.94
197,97.13,80.56
198,99.07,82.31
199,97.22,81.85
200,97.41,83.06
201,98.06,82.5
202,98.06,83.15
203,98.15,82.59
204,98.24,82.69
205,98.98,83.24
206,99.07,82.04
207,98.8,81.3
208,98.43,82.78
209,98.43,83.15
210,98.06,82.13
211,98.61,82.22
212,98.43,82.04
213,98.7,82.31
214,97.5,82.96
215,98.33,82.31
216,97.78,82.22
217,97.96,82.69
218,97.69,80.83
219,98.61,81.94
220,98.33,82.59
221,98.89,81.57
222,97.87,82.31
223,97.41,80.74
224,96.2,81.11
225,97.96,81.2
226,97.5,81.48
227,97.69,81.76
228,97.78,82.78
229,97.87,83.33
230,98.06,82.69
231,98.7,83.33
232,98.8,83.15
233,98.33,82.87
234,98.7,83.98
235,98.52,81.94
236,98.52,81.48
237,97.87,80.83
238,97.69,82.96
239,98.24,82.69
240,99.26,82.41
241,97.96,83.52
242,98.7,83.7
243,98.98,83.61
244,98.8,83.06
245,99.17,83.33
246,99.26,83.24
247,98.89,83.15
248,98.98,83.06
249,99.07,83.7
250,98.98,83.7
251,98.98,83.33
252,99.17,82.59
253,98.98,83.61
254,98.24,83.06
255,98.8,82.69
256,98.33,83.06
257,98.89,82.96
258,98.7,82.78
259,98.8,82.41
260,98.61,83.33
261,98.98,82.59
262,97.41,83.06
263,99.17,83.06
264,98.33,83.61
265,98.52,83.7
266,98.89,83.15
267,98.8,83.43
268,99.35,82.78
269,98.8,83.15
270,98.8,82.22
271,99.54,83.15
272,99.17,83.06
273,99.17,83.7
274,99.17,83.24
275,99.54,83.8
276,98.8,83.33
277,99.17,81.57
278,98.24,82.59
279,98.61,83.24
280,98.8,82.31
281,99.44,82.87
282,99.17,83.61
283,99.07,83.7
284,98.89,83.15
285,98.89,82.59
286,99.17,81.76
287,99.07,83.33
288,98.98,83.8
289,99.63,83.33
290,98.52,83.43
291,99.26,83.8
292,98.98,83.15
293,99.07,83.52
294,99.54,83.24
295,98.89,83.98
296,99.07,83.7
297,99.07,83.7
298,98.89,84.44
299,98.8,82.78
300,97.69,82.78
301,99.63,83.24
302,98.7,83.7
303,98.61,83.15
304,99.07,84.07
305,98.98,83.7
306,98.33,83.52
307,98.8,83.52
308,98.61,83.06
309,99.07,81.85
310,98.52,83.89
311,98.98,82.69
312,98.8,84.26
313,98.98,82.59
314,98.52,83.06
315,99.44,83.61
316,99.44,83.98
317,99.17,82.78
318,99.17,82.78
319,99.07,82.78
320,99.54,83.7
321,99.07,84.44
322,100.0,84.35
323,99.44,84.44
324,99.63,84.07
325,99.54,84.54
326,99.17,84.54
327,99.44,85.09
328,99.26,83.98
329,99.63,83.7
330,98.8,83.98
331,99.54,84.54
332,98.89,84.44
333,99.54,84.35
334,99.17,84.26
335,98.89,83.89
336,99.44,84.07
337,98.98,84.44
338,99.07,84.35
339,98.98,84.63
340,99.54,84.44
341,98.89,84.54
342,98.98,84.63
343,99.17,84.44
344,99.44,83.89
345,99.35,84.72
346,98.8,82.13
347,98.98,84.17
348,99.35,83.33
349,98.61,83.8
350,99.35,83.61
351,99.35,83.43
352,99.07,84.07
353,99.07,83.06
354,99.07,83.24
355,99.63,83.61
356,99.17,83.24
357,99.26,84.26
358,99.26,84.17
359,99.17,83.8
360,99.54,82.78
361,98.89,83.24
362,99.35,83.98
363,99.07,84.07
364,98.89,83.15
365,99.07,83.7
366,99.26,83.98
367,97.87,82.96
368,98.24,81.85
369,98.52,83.89
370,98.43,83.24
371,98.24,83.61
372,98.33,81.2
373,98.24,81.85
374,98.7,83.98
375,98.89,83.15
376,98.98,82.59
377,98.7,84.54
378,98.8,81.39
379,99.07,82.41
380,99.17,83.24
381,99.07,83.15
382,99.07,83.24
383,99.54,83.52
384,99.07,84.54
385,99.44,84.81
386,99.35,84.63
387,99.35,84.72
388,99.44,84.63
389,99.35,84.54
390,99.17,84.54
391,98.89,83.15
392,99.35,83.43
393,98.61,82.13
394,99.17,82.96
395,98.8,82.87
396,99.07,84.07
397,99.63,84.07
398,99.44,83.89
399,99.54,83.43
400,99.17,83.7
401,99.35,82.87
402,98.89,83.43
403,99.63,83.8
404,99.44,84.54
405,98.98,83.89
406,99.63,83.89
407,99.35,84.07
408,99.44,83.98
409,99.07,84.44
410,98.98,84.17
411,98.7,83.8
412,98.33,83.24
413,98.8,83.8
414,99.26,84.26
415,99.07,83.89
416,98.98,83.7
417,98.89,81.94
418,98.7,82.41
419,98.98,83.52
420,98.52,82.69
421,97.59,82.04
422,97.96,81.11
423,98.15,81.48
424,98.24,82.22
425,98.7,82.22
426,98.24,81.85
427,98.06,82.69
428,98.89,80.46
429,99.07,81.76
430,98.8,82.04
431,99.07,83.15
432,98.89,83.89
433,99.26,84.44
434,99.26,84.63
435,98.98,83.98
436,98.98,84.17
437,99.72,83.52
438,98.8,82.69
439,99.17,83.43
440,99.17,83.89
441,98.98,83.24
442,98.61,82.69
443,99.44,82.78
444,98.98,83.8
445,98.33,83.61
446,99.17,83.43
447,98.98,83.8
448,98.98,83.61
449,98.24,83.33
450,99.17,84.07
451,99.17,83.98
452,99.44,83.98
453,99.54,83.7
454,98.61,85.09
455,98.89,82.31
456,98.61,83.89
457,98.8,84.26
458,99.44,84.35
459,99.44,83.89
460,99.17,82.87
461,98.89,83.8
462,99.35,84.17
463,99.54,84.26
464,99.44,84.26
465,99.07,84.63
466,99.26,84.07
467,99.63,83.61
468,99.63,84.17
469,99.44,83.8
470,99.72,83.8
471,99.44,83.7
472,99.26,84.63
473,99.54,83.8
474,99.44,84.17
475,99.35,84.17
476,99.44,84.35
477,99.44,85.0
478,99.07,84.54
479,99.07,83.06
480,99.26,82.96
481,99.26,83.7
482,99.35,82.87
483,99.26,83.33
484,99.26,84.17
485,99.26,83.8
486,99.81,83.15
487,99.72,83.52
488,99.54,83.43
489,100.0,83.7
490,99.44,83.89
491,99.72,83.61
492,99.54,84.35
493,99.54,84.81
494,99.26,84.72
495,99.35,84.54
496,99.26,83.06
497,99.07,83.52
498,99.35,83.89
499,99.44,83.06
500,99.81,83.52
