epoch,train_acc,test_acc
1,52.87,53.7
2,56.2,55.56
3,59.63,68.52
4,65.93,68.15
5,63.24,67.59
6,66.48,67.69
7,68.06,69.54
8,69.07,72.04
9,71.57,71.2
10,69.91,68.98
11,71.76,70.83
12,69.17,72.22
13,73.33,72.5
14,72.22,71.67
15,71.2,74.72
16,71.67,72.78
17,73.43,74.72
18,73.33,71.39
19,73.06,70.93
20,73.33,69.91
21,70.93,73.15
22,75.19,73.15
23,77.78,76.48
24,77.59,76.94
25,77.04,76.02
26,74.54,76.94
27,76.76,76.57
28,76.48,77.41
29,75.93,76.94
30,76.67,75.09
31,77.31,76.3
32,77.13,77.22
33,78.15,77.22
34,78.98,78.61
35,78.61,78.61
36,79.07,77.59
37,78.8,76.57
38,79.35,79.07
39,78.61,78.61
40,80.46,78.06
41,81.76,77.59
42,78.52,78.61
43,79.72,79.17
44,80.46,78.52
45,77.69,77.87
46,78.06,78.89
47,80.0,78.43
48,80.56,78.43
49,81.2,79.26
50,80.74,77.69
51,81.39,79.54
52,80.37,77.04
53,79.81,77.41
54,80.0,78.98
55,82.59,77.96
56,82.04,79.63
57,80.65,78.43
58,81.39,78.7
59,82.13,78.89
60,79.81,77.87
61,83.33,75.09
62,82.41,78.15
63,82.22,79.44
64,81.76,80.28
65,80.83,78.61
66,83.7,79.35
67,82.5,79.35
68,83.06,80.09
69,83.61,78.98
70,82.59,78.98
71,83.7,76.39
72,82.87,78.24
73,85.19,79.17
74,83.06,79.54
75,83.43,78.61
76,83.43,78.61
77,84.26,78.98
78,83.8,77.04
79,82.5,78.8
80,82.78,78.98
81,83.43,76.76
82,84.07,77.59
83,83.89,77.96
84,84.17,74.81
85,82.87,77.69
86,83.8,79.07
87,84.81,76.57
88,82.5,76.94
89,84.26,79.26
90,85.0,80.74
91,86.11,80.46
92,83.98,79.72
93,85.83,79.63
94,86.02,79.44
95,83.8,76.57
96,83.06,79.07
97,84.54,78.8
98,85.83,77.87
99,83.8,77.78
100,85.0,77.22
101,85.28,78.24
102,84.07,78.89
103,86.94,79.35
104,85.93,79.91
105,87.04,79.54
106,85.65,79.44
107,87.04,77.69
108,86.2,79.35
109,87.41,79.07
110,87.13,78.89
111,85.65,79.63
112,86.02,78.8
113,85.56,79.44
114,86.48,79.63
115,86.2,77.96
116,86.48,80.0
117,87.22,80.37
118,86.11,79.35
119,85.65,77.96
120,87.59,79.07
121,86.67,80.0
122,85.74,78.43
123,86.85,74.54
124,85.93,78.33
125,87.78,78.98
126,86.48,80.28
127,87.87,79.81
128,87.41,79.07
129,87.41,78.89
130,87.41,79.35
131,87.31,80.19
132,87.13,79.44
133,90.0,80.28
134,88.61,79.07
135,88.15,79.26
136,89.72,79.91
137,86.39,79.54
138,86.76,79.54
139,88.33,79.26
140,87.04,79.35
141,87.5,78.52
142,87.41,79.26
143,86.57,79.72
144,87.78,79.81
145,87.96,79.63
146,88.15,78.06
147,87.5,78.15
148,89.44,78.8
149,87.13,78.98
150,88.61,80.28
151,88.8,79.91
152,90.19,79.17
153,88.24,80.37
154,87.96,79.81
155,87.87,80.19
156,89.07,78.24
157,89.44,78.89
158,88.61,79.81
159,88.98,79.26
160,87.31,80.37
161,88.06,79.63
162,89.07,79.44
163,88.06,80.09
164,89.26,80.09
165,88.61,81.11
166,91.57,80.46
167,88.8,80.09
168,90.37,80.28
169,88.06,79.44
170,88.06,80.0
171,89.44,80.19
172,88.61,80.19
173,90.37,78.98
174,89.35,79.35
175,90.37,80.19
176,90.0,79.44
177,90.56,79.91
178,89.35,79.91
179,88.61,79.63
180,90.37,79.63
181,88.15,79.26
182,90.93,80.0
183,89.07,78.89
184,88.52,79.81
185,89.81,79.72
186,91.02,80.28
187,89.54,80.0
188,90.09,79.35
189,90.19,80.46
190,90.37,78.43
191,89.91,80.28
192,90.09,79.81
193,89.35,80.74
194,89.17,80.19
195,90.65,80.19
196,90.0,80.28
197,89.54,80.74
198,90.83,79.54
199,91.2,80.83
200,90.56,80.28
201,91.11,80.74
202,91.2,80.74
203,91.3,80.74
204,90.19,80.09
205,90.19,80.37
206,90.65,81.11
207,91.3,80.93
208,91.02,80.28
209,91.02,80.19
210,91.57,79.63
211,90.83,80.46
212,90.37,80.19
213,91.57,79.72
214,90.65,80.56
215,90.09,80.46
216,89.63,79.63
217,89.72,78.98
218,89.44,81.02
219,90.0,80.65
220,91.94,80.93
221,91.94,80.37
222,90.37,80.28
223,92.04,80.19
224,90.93,79.35
225,91.57,79.44
226,90.74,79.81
227,90.46,80.0
228,91.11,80.65
229,92.04,80.37
230,92.41,79.07
231,91.85,80.0
232,91.76,81.39
233,88.7,78.8
234,91.11,80.46
235,91.48,80.0
236,90.74,79.17
237,92.5,81.2
238,92.22,79.63
239,90.74,78.8
240,90.37,79.35
241,91.02,80.09
242,91.85,78.7
243,91.67,79.72
244,90.46,79.81
245,91.57,79.44
246,91.57,79.72
247,92.04,80.83
248,92.13,80.28
249,92.22,80.74
250,91.85,80.65
251,91.57,80.37
252,91.76,80.37
253,91.94,80.74
254,91.94,80.19
255,91.39,81.39
256,92.31,79.81
257,90.93,80.93
258,92.96,81.02
259,92.59,80.74
260,91.85,80.0
261,91.94,80.37
262,92.04,79.54
263,92.5,80.46
264,92.41,80.19
265,92.31,79.81
266,91.85,80.83
267,91.76,80.65
268,91.11,80.28
269,91.57,80.37
270,92.78,80.56
271,92.59,80.09
272,91.57,80.46
273,91.2,80.37
274,92.22,81.39
275,92.5,78.98
276,92.31,79.35
277,92.41,80.19
278,92.41,79.35
279,91.3,80.56
280,93.24,80.0
281,91.76,80.65
282,93.24,80.56
283,93.52,80.19
284,92.41,79.72
285,91.11,79.54
286,91.76,79.26
287,91.85,80.19
288,92.22,79.44
289,92.87,79.81
290,91.85,79.63
291,92.31,80.0
292,93.15,80.28
293,91.76,79.63
294,92.13,79.72
295,92.96,80.09
296,92.41,78.89
297,92.31,80.19
298,93.52,80.74
299,93.24,81.02
300,92.41,79.72
