epoch,train_acc,test_acc
1,52.41,58.98
2,58.52,62.31
3,64.17,68.06
4,65.93,68.43
5,70.09,70.74
6,69.26,70.93
7,68.61,68.06
8,67.22,66.85
9,69.26,70.0
10,69.54,71.39
11,67.59,64.17
12,69.72,71.67
13,71.67,72.31
14,72.41,71.39
15,71.67,71.48
16,72.69,72.59
17,69.91,66.48
18,70.0,71.48
19,70.93,72.5
20,73.43,72.78
21,73.24,72.5
22,72.69,71.85
23,70.65,70.09
24,63.89,64.26
25,65.56,68.61
26,72.04,72.59
27,73.33,71.02
28,71.76,71.2
29,72.41,72.04
30,72.69,73.15
31,73.52,72.13
32,73.89,73.8
33,71.2,72.59
34,70.65,73.98
35,73.52,73.24
36,74.26,73.8
37,73.61,73.33
38,74.91,70.93
39,71.3,73.61
40,73.8,74.44
41,73.15,70.09
42,71.67,70.46
43,72.96,72.31
44,74.17,73.52
45,75.19,74.26
46,73.61,74.35
47,74.54,76.39
48,74.35,75.74
49,74.26,76.76
50,74.63,76.2
51,73.06,76.02
52,73.24,74.81
53,73.61,74.17
54,73.8,73.8
55,70.65,72.41
56,72.96,73.7
57,73.52,74.07
58,73.8,73.52
59,74.26,74.44
60,75.83,74.35
61,74.72,73.89
62,74.44,74.26
63,74.63,75.28
64,72.78,74.07
65,74.81,75.83
66,75.19,75.37
67,73.43,75.09
68,76.3,75.56
69,73.89,74.17
70,74.44,74.54
71,74.91,74.07
72,73.43,73.24
73,74.54,73.52
74,75.0,73.7
75,74.07,73.06
76,73.15,73.61
77,74.81,73.43
78,75.19,74.44
79,73.33,73.98
80,74.35,72.78
81,72.59,71.48
82,73.89,76.85
83,74.91,76.3
84,75.09,75.09
85,75.83,75.19
86,74.72,74.91
87,74.17,74.35
88,75.46,75.37
89,75.28,74.81
90,74.81,74.17
91,74.26,74.17
92,73.89,75.0
93,75.09,75.19
94,76.11,75.46
95,74.35,75.74
96,74.35,75.83
97,74.91,75.19
98,76.3,74.35
99,75.09,74.26
100,75.83,73.61
101,75.09,73.15
102,75.19,73.52
103,74.26,73.8
104,74.54,73.06
105,75.0,72.69
106,74.54,73.06
107,72.5,74.44
108,75.37,74.63
109,76.39,73.52
110,74.72,73.7
111,73.24,74.44
112,75.28,74.44
113,76.11,75.09
114,75.56,75.65
115,76.39,76.3
116,76.67,75.83
117,74.54,74.54
118,73.7,74.35
119,76.85,75.56
120,75.28,74.54
121,77.13,76.67
122,72.31,75.0
123,75.37,76.39
124,75.83,76.02
125,71.02,75.0
126,71.67,73.7
127,71.39,74.26
128,71.67,74.07
129,73.24,75.09
130,72.22,75.09
131,73.61,75.37
132,74.17,76.02
133,75.28,74.44
134,74.54,73.61
135,75.28,75.28
136,73.89,75.09
137,75.46,74.54
138,76.11,76.11
139,75.28,75.93
140,73.61,75.09
141,74.63,75.0
142,74.17,73.61
143,74.63,73.61
144,74.63,75.09
145,74.44,75.28
146,75.56,73.98
147,75.46,74.17
148,73.24,71.3
149,72.78,73.24
150,73.89,75.09
151,75.56,76.3
152,75.56,76.48
153,75.56,76.67
154,75.56,76.67
155,76.85,76.76
156,76.85,76.67
157,75.56,75.37
158,76.67,72.5
159,74.91,74.63
160,74.72,76.85
161,75.37,75.93
162,77.04,76.76
163,76.85,76.57
164,76.57,75.46
165,72.96,73.61
166,72.69,74.91
167,74.91,74.72
168,74.54,75.0
169,76.57,75.83
170,76.39,75.19
171,76.57,75.28
172,76.67,76.57
173,77.41,74.72
174,75.19,77.13
175,76.57,77.41
176,77.04,74.54
177,73.89,76.57
178,77.04,76.11
179,76.57,75.19
180,72.69,74.81
181,73.8,76.57
182,76.57,77.41
183,76.11,77.31
184,76.2,75.37
185,75.46,74.91
186,74.44,75.65
187,77.22,77.78
188,76.57,75.56
189,71.57,70.74
190,70.56,74.72
191,75.83,75.28
192,75.46,75.09
193,75.0,73.8
194,76.2,73.98
195,75.83,75.28
196,75.28,76.57
197,75.65,77.31
198,76.39,76.48
199,76.67,76.3
200,74.63,75.74
201,74.44,77.22
202,76.02,77.04
203,75.46,76.67
204,77.04,76.57
205,76.3,76.57
206,76.48,76.11
207,76.94,76.11
208,76.3,76.48
209,75.19,75.93
210,75.46,75.37
211,76.2,74.81
212,76.67,75.0
213,74.81,74.26
214,76.3,75.09
215,74.17,75.46
216,76.76,75.74
217,75.93,76.48
218,75.0,76.02
219,76.2,76.67
220,76.76,76.3
221,76.76,75.19
222,75.93,76.2
223,76.02,76.76
224,76.02,76.76
225,77.41,76.76
226,77.78,76.85
227,75.83,77.78
228,76.11,77.59
229,76.11,75.0
230,75.46,75.28
231,75.19,75.19
232,75.37,75.56
233,76.39,74.44
234,74.17,72.5
235,76.02,73.52
236,75.37,75.28
237,76.39,76.39
238,76.2,76.76
239,75.19,75.65
240,75.74,76.02
241,73.98,75.46
242,74.81,75.65
243,76.85,75.28
244,74.81,76.67
245,74.07,74.54
246,75.56,74.63
247,75.28,76.67
248,74.72,76.48
249,75.0,77.31
250,76.67,77.13
251,76.48,77.13
252,75.74,77.31
253,75.28,77.04
254,77.13,77.22
255,77.13,77.5
256,77.13,77.22
257,75.28,75.83
258,74.54,75.56
259,72.96,75.28
260,74.26,76.39
261,74.63,76.67
262,74.91,75.83
263,76.02,75.93
264,76.02,75.83
265,73.89,75.65
266,74.91,75.0
267,75.46,75.19
268,75.65,74.26
269,74.63,74.91
270,75.65,75.93
271,75.56,74.81
272,75.28,73.43
273,74.54,71.48
274,73.89,74.17
275,73.89,73.8
276,74.63,72.96
277,77.5,73.33
278,76.76,73.06
279,76.85,73.06
280,75.28,73.61
281,76.48,75.37
282,77.41,76.02
283,77.69,76.67
284,78.15,75.56
285,77.87,75.74
286,75.37,73.8
287,73.33,72.69
288,73.15,72.69
289,73.7,73.24
290,75.65,74.54
291,76.11,75.46
292,76.3,74.81
293,76.39,76.67
294,74.63,74.72
295,73.43,69.44
296,75.09,74.35
297,76.76,75.0
298,75.83,73.8
299,76.94,73.33
300,76.3,77.96
