epoch,train_acc,test_acc
1,60.37,71.02
2,72.78,66.57
3,73.52,71.39
4,74.35,71.85
5,76.02,73.8
6,76.76,74.07
7,78.06,72.5
8,78.06,73.52
9,77.69,73.7
10,79.72,74.07
11,81.67,72.87
12,79.26,75.74
13,79.63,76.11
14,81.11,77.78
15,81.48,77.5
16,82.59,77.78
17,83.61,78.52
18,85.74,78.98
19,85.46,80.28
20,87.78,80.09
21,88.7,80.56
22,87.59,78.33
23,87.41,80.56
24,89.72,79.63
25,89.54,77.78
26,89.07,80.74
27,90.56,80.46
28,89.07,81.57
29,89.07,80.83
30,90.28,80.46
31,90.37,81.67
32,90.74,81.67
33,91.57,81.57
34,92.04,80.83
35,90.28,76.57
36,92.69,83.06
37,93.33,81.94
38,93.52,82.5
39,93.15,83.33
40,93.98,83.24
41,93.7,82.22
42,94.44,82.87
43,94.63,83.06
44,93.89,82.96
45,94.44,83.24
46,94.91,82.31
47,95.0,83.89
48,94.81,83.33
49,95.74,83.8
50,96.11,83.52
51,95.37,83.06
52,96.11,83.89
53,94.81,82.5
54,95.56,84.17
55,95.93,83.61
56,95.65,83.89
57,96.39,85.0
58,96.48,81.94
59,97.22,83.8
60,95.65,83.7
61,96.94,82.69
62,97.04,84.54
63,97.22,83.15
64,96.57,82.04
65,95.56,82.69
66,95.93,82.41
67,96.11,84.07
68,96.57,85.0
69,97.5,83.33
70,96.39,83.98
71,96.2,84.81
72,96.57,84.63
73,97.87,83.61
74,98.15,83.61
75,97.69,83.7
76,97.22,84.17
77,97.04,84.35
78,97.22,83.98
79,97.87,84.17
80,97.87,83.7
81,98.06,84.07
82,98.24,84.54
83,97.69,84.26
84,98.24,83.89
85,97.87,84.91
86,97.78,84.07
87,97.31,85.37
88,98.24,85.28
89,98.33,85.56
90,97.41,84.81
91,97.59,84.72
92,96.94,84.26
93,97.96,84.44
94,98.33,85.19
95,98.15,85.09
96,98.15,85.28
97,97.87,82.59
98,97.87,84.17
99,98.15,85.83
100,98.52,85.19
101,97.96,84.81
102,98.61,85.74
103,98.15,86.11
104,98.61,85.28
105,98.52,84.81
106,98.98,85.0
107,97.96,85.37
108,96.76,85.46
109,98.43,83.8
110,97.41,85.19
111,98.52,86.02
112,97.96,85.56
113,98.24,85.93
114,98.8,84.81
115,98.06,85.19
116,98.24,84.35
117,98.06,84.07
118,98.61,84.26
119,98.15,84.91
120,98.52,85.28
121,97.41,84.26
122,96.76,83.52
123,97.22,84.17
124,97.13,84.44
125,98.33,84.26
126,98.15,85.0
127,97.87,83.8
128,98.43,84.07
129,98.33,83.98
130,98.06,84.54
131,98.43,84.91
132,98.52,85.28
133,99.17,84.91
134,98.15,84.63
135,98.52,84.81
136,98.8,85.37
137,98.7,85.46
138,98.8,85.56
139,98.52,85.56
140,98.89,85.37
141,98.61,84.81
142,98.98,86.2
143,98.61,85.74
144,98.98,85.28
145,98.52,84.35
146,98.33,85.19
147,99.07,83.98
148,97.69,84.63
149,97.78,84.44
150,98.43,85.56
151,98.89,85.65
152,97.96,86.2
153,98.43,85.46
154,98.06,85.74
155,99.35,84.91
156,98.8,84.72
157,98.8,85.0
158,98.61,84.81
159,98.52,85.46
160,98.7,85.83
161,98.7,86.02
162,98.8,85.09
163,98.89,85.83
164,98.43,84.72
165,99.26,84.44
166,98.98,85.56
167,98.98,85.56
168,98.7,83.8
169,98.7,85.74
170,99.07,85.37
171,99.07,85.74
172,98.89,85.19
173,98.7,84.26
174,98.89,84.81
175,98.8,85.56
176,98.89,85.09
177,98.61,84.63
178,99.35,84.63
179,98.33,84.26
180,99.26,84.54
181,98.7,85.46
182,99.26,85.65
183,99.17,84.91
184,98.24,83.15
185,99.26,85.46
186,99.26,85.56
187,99.44,85.46
188,99.44,85.56
189,99.35,85.19
190,99.07,86.39
191,99.72,85.46
192,99.26,86.11
193,99.07,84.72
194,99.35,83.98
195,98.89,84.72
196,98.43,84.54
197,99.17,84.44
198,98.61,84.72
199,98.89,84.07
200,98.7,84.17
201,98.89,85.19
202,99.07,85.37
203,98.8,85.74
204,99.07,84.44
205,99.44,84.26
206,98.8,83.89
207,98.89,84.72
208,98.8,85.37
209,99.35,85.0
210,98.98,83.98
211,99.07,84.26
212,98.98,85.0
213,98.7,85.46
214,98.98,84.81
215,98.61,84.54
216,99.44,84.91
217,98.61,81.67
218,98.98,84.63
219,98.8,85.28
220,98.8,85.09
221,99.35,85.09
222,98.24,84.26
223,98.7,85.28
224,99.26,85.46
225,98.7,83.7
226,99.54,84.54
227,98.89,84.72
228,98.61,85.37
229,98.43,85.46
230,98.98,85.19
231,99.07,85.56
232,99.07,85.46
233,98.89,86.2
234,99.17,85.19
235,98.8,85.09
236,99.44,85.28
237,99.44,85.46
238,99.17,85.28
239,99.17,85.28
240,99.17,85.09
241,99.07,84.44
242,99.44,84.63
243,99.63,85.0
244,98.8,85.28
245,99.54,84.63
246,99.44,85.56
247,99.26,85.83
248,99.44,85.93
249,99.54,85.46
250,98.89,86.3
251,99.35,86.3
252,98.89,85.28
253,98.89,84.63
254,99.17,85.37
255,99.26,84.91
256,99.35,84.26
257,99.07,84.91
258,99.17,85.56
259,98.98,85.46
260,99.44,86.02
261,98.98,85.93
262,98.8,84.81
263,98.98,84.44
264,99.26,85.37
265,98.89,84.72
266,98.98,84.72
267,99.07,84.81
268,98.8,86.2
269,99.07,85.46
270,99.35,83.8
271,98.7,85.09
272,98.89,85.0
273,99.35,84.72
274,99.26,85.37
275,99.26,86.2
276,99.07,85.83
277,99.35,85.74
278,98.98,85.56
279,99.17,85.74
280,99.17,86.02
281,99.17,85.65
282,99.44,86.2
283,99.54,85.93
284,99.54,85.09
285,99.44,85.74
286,99.63,86.02
287,99.63,84.72
288,99.35,84.44
289,98.89,85.46
290,99.54,86.2
291,99.44,85.19
292,99.44,85.65
293,99.26,85.37
294,99.26,84.81
295,99.44,85.56
296,98.8,85.19
297,99.26,83.8
298,98.89,83.8
299,98.98,83.24
300,98.24,84.44
301,98.8,84.91
302,99.17,84.91
303,99.54,84.91
304,99.44,85.09
305,99.07,85.09
306,99.17,85.19
307,99.07,85.28
308,98.89,85.19
309,98.7,85.83
310,99.26,85.28
311,99.54,85.37
312,98.8,85.19
313,98.61,84.07
314,98.89,83.33
315,98.98,85.28
316,99.17,84.91
317,99.81,85.19
318,99.26,85.28
319,99.26,85.09
320,99.44,84.81
321,99.63,84.54
322,99.54,84.91
323,98.8,84.26
324,98.52,82.87
325,99.35,84.72
326,99.44,85.28
327,99.07,85.09
328,99.81,85.28
329,99.44,84.91
330,99.72,85.37
331,99.72,85.56
332,99.44,85.28
333,99.26,84.81
334,99.54,84.54
335,99.26,85.0
336,99.54,85.46
337,99.81,85.56
338,99.81,86.2
339,99.72,86.02
340,99.54,86.11
341,99.26,85.74
342,99.17,85.46
343,98.7,85.28
344,99.17,85.46
345,99.35,84.54
346,99.26,84.44
347,99.72,85.28
348,98.89,84.72
349,99.26,84.35
350,99.63,83.98
351,99.35,84.54
352,99.35,85.0
353,99.72,85.0
354,99.26,85.09
355,99.07,84.54
356,99.07,84.35
357,99.54,85.46
358,98.89,85.93
359,99.35,86.02
360,99.07,85.83
361,99.07,85.28
362,99.07,84.81
363,99.44,84.07
364,98.8,84.91
365,99.35,83.24
366,99.44,84.17
367,99.35,86.02
368,99.44,86.39
369,99.17,85.37
370,99.26,84.35
371,99.44,84.81
372,99.26,84.44
373,99.35,84.72
374,99.44,84.91
375,98.98,84.35
376,98.89,84.63
377,98.98,86.2
378,99.91,87.41
379,99.07,85.09
380,99.26,85.37
381,98.8,84.63
382,99.54,85.19
383,99.54,84.91
384,99.35,85.28
385,99.44,85.46
386,99.44,85.09
387,99.54,85.19
388,99.44,84.26
389,99.26,84.26
390,99.54,85.28
391,99.54,84.07
392,99.72,83.61
393,99.63,84.81
394,99.54,84.72
395,99.44,84.81
396,99.63,84.35
397,99.63,83.98
398,99.54,84.72
399,98.43,84.81
400,98.52,84.63
401,98.98,85.65
402,98.8,85.46
403,99.07,85.56
404,98.98,83.43
405,99.07,85.93
406,99.07,85.28
407,98.98,85.46
408,99.26,85.37
409,99.07,83.89
410,99.07,84.81
411,99.91,85.28
412,99.63,85.0
413,99.44,85.0
414,99.72,85.37
415,99.26,85.93
416,99.26,85.56
417,99.54,85.37
418,99.63,85.56
419,99.54,85.98
420,99.44,84.63
421,99.44,84.81
422,99.44,84.81
423,99.54,86.26
424,99.17,85.56
425,99.26,85.09
426,99.35,85.0
427,99.44,85.46
428,99.44,86.02
429,98.98,85.56
430,99.17,84.81
431,99.26,84.81
432,99.81,84.72
433,99.35,84.81
434,99.44,84.63
435,99.44,83.52
436,99.35,85.8
437,99.54,84.26
438,99.81,84.91
439,99.54,84.54
440,99.63,86.07
441,99.26,84.17
442,99.63,84.63
443,99.26,84.72
444,99.72,85.89
445,98.98,84.81
446,99.63,84.44
447,99.72,85.09
448,98.89,85.65
449,99.81,85.65
450,99.44,86.02
451,99.72,84.35
452,98.8,86.02
453,99.63,85.65
454,99.35,85.28
455,98.89,85.74
456,99.26,85.37
457,99.54,85.28
458,99.44,85.65
459,99.54,85.74
460,99.91,85.74
461,99.35,85.83
462,99.81,85.46
463,99.72,84.91
464,98.98,85.83
465,99.81,85.56
466,99.54,86.02
467,99.72,85.28
468,99.26,85.74
469,99.54,85.09
470,99.17,82.96
471,99.63,85.65
472,99.17,85.0
473,98.98,85.09
474,99.26,85.19
475,99.26,86.02
476,99.17,85.56
477,99.72,85.19
478,99.54,85.83
479,99.91,86.02
480,99.44,85.09
481,99.44,84.91
482,99.54,84.91
483,99.26,85.74
484,99.54,85.65
485,99.35,85.74
486,99.26,85.46
487,99.26,84.72
488,99.72,83.98
489,99.63,85.28
490,99.26,85.09
491,98.98,85.46
492,99.72,85.37
493,99.54,85.09
494,99.07,85.0
495,99.17,84.54
496,99.17,86.11
497,98.7,86.48
498,99.72,86.3
499,99.72,86.3
500,99.26,85.09
