epoch,train_acc,test_acc
1,62.59,66.11
2,70.19,70.28
3,72.87,71.11
4,73.06,69.63
5,72.5,71.11
6,73.24,72.31
7,74.26,72.13
8,76.02,71.76
9,75.0,72.13
10,75.83,71.94
11,77.5,72.78
12,76.94,71.39
13,77.31,71.67
14,76.2,71.11
15,75.83,71.85
16,76.2,72.41
17,76.2,72.04
18,75.56,73.06
19,79.07,73.8
20,76.57,73.8
21,77.78,72.5
22,77.96,71.39
23,78.43,73.8
24,78.43,72.41
25,78.06,72.78
26,78.52,73.15
27,78.7,73.15
28,79.35,72.69
29,79.35,71.94
30,78.52,73.52
31,80.37,73.52
32,81.48,72.78
33,82.59,74.35
34,80.19,75.09
35,82.13,72.96
36,83.52,73.61
37,83.43,74.17
38,84.44,75.56
39,82.59,76.67
40,84.91,76.85
41,85.65,76.48
42,84.91,76.3
43,84.07,78.61
44,85.46,77.87
45,86.2,76.85
46,86.2,77.5
47,86.67,78.06
48,87.04,78.43
49,86.11,77.31
50,87.59,76.94
51,87.96,77.31
52,87.31,76.57
53,87.59,78.7
54,88.06,78.15
55,89.26,78.06
56,88.52,76.94
57,89.35,78.89
58,87.69,78.52
59,88.7,79.35
60,90.93,78.89
61,91.94,79.17
62,90.46,78.43
63,91.02,78.15
64,90.93,78.15
65,90.46,78.06
66,89.54,78.43
67,89.72,77.87
68,89.81,78.89
69,90.37,78.52
70,90.28,78.52
71,92.04,78.98
72,92.5,78.89
73,91.2,80.19
74,91.85,80.0
75,92.5,80.28
76,92.78,80.0
77,92.13,79.26
78,92.96,79.63
79,92.22,80.0
80,91.94,80.93
81,93.15,80.28
82,92.5,80.46
83,93.61,80.74
84,92.41,80.09
85,91.67,79.81
86,92.59,79.72
87,92.04,80.56
88,92.69,79.07
89,94.26,80.19
90,93.06,79.54
91,92.87,80.56
92,94.63,80.0
93,94.17,79.54
94,92.41,80.0
95,92.96,79.63
96,92.41,75.83
97,93.7,80.83
98,92.69,81.76
99,93.7,81.67
100,92.78,80.83
101,94.81,81.3
102,94.17,81.3
103,94.44,81.3
104,95.28,81.2
105,95.56,80.56
106,94.54,80.28
107,94.72,80.28
108,94.91,79.72
109,95.09,81.02
110,94.35,81.67
111,96.11,82.13
112,93.52,81.48
113,95.0,81.11
114,95.74,81.2
115,95.56,79.44
116,95.0,81.67
117,94.81,80.56
118,94.72,80.93
119,95.28,80.46
120,95.83,80.19
121,94.81,80.46
122,95.56,80.46
123,95.19,81.85
124,95.83,80.83
125,95.83,80.83
126,95.46,80.93
127,95.46,79.72
128,95.0,81.02
129,95.93,81.2
130,95.28,80.74
131,95.46,81.48
132,96.57,80.37
133,96.39,80.19
134,96.3,80.65
135,96.3,81.02
136,96.76,81.3
137,96.67,81.11
138,95.74,81.02
139,96.11,80.46
140,95.37,80.93
141,96.11,80.65
142,95.65,80.37
143,96.76,80.19
144,96.39,79.72
145,96.85,80.19
146,96.85,80.56
147,96.76,80.65
148,96.76,80.74
149,96.57,81.2
150,96.48,80.37
151,97.41,81.02
152,96.48,80.74
153,97.13,80.37
154,96.67,80.46
155,95.74,81.2
156,95.46,81.11
157,96.57,81.57
158,95.0,79.35
159,96.02,80.19
160,95.09,81.11
161,95.19,80.74
162,96.3,80.65
163,96.67,79.35
164,95.74,80.93
165,96.85,81.11
166,97.04,81.85
167,96.39,80.56
168,97.69,80.46
169,96.67,80.83
170,97.31,81.11
171,97.41,80.56
172,97.59,82.31
173,96.94,82.13
174,97.96,80.74
175,97.87,80.09
176,97.31,81.48
177,97.5,81.2
178,97.04,80.65
179,98.52,81.76
180,96.85,82.59
181,97.5,81.76
182,97.69,82.22
183,97.96,81.85
184,98.24,81.2
185,98.06,81.48
186,97.5,81.02
187,98.24,81.85
188,97.31,81.3
189,98.15,81.2
190,98.33,80.93
191,97.96,80.74
192,97.22,80.93
193,97.96,82.04
194,98.43,81.76
195,97.22,80.83
196,97.96,80.0
197,97.59,81.2
198,98.8,81.57
199,96.76,80.0
200,97.78,80.83
201,97.41,79.54
202,98.15,81.02
203,97.22,80.83
204,98.06,80.09
205,97.78,80.19
206,98.98,79.91
207,98.06,81.57
208,97.22,81.48
209,96.39,81.39
210,96.39,82.13
211,98.06,81.02
212,97.41,81.57
213,97.59,81.02
214,98.15,81.2
215,98.15,81.57
216,98.24,82.04
217,97.78,81.57
218,97.78,81.67
219,98.43,81.48
220,98.7,81.11
221,97.5,81.02
222,98.7,80.74
223,98.33,81.02
224,98.43,81.57
225,97.78,81.57
226,98.61,80.93
227,98.98,80.93
228,97.59,80.83
229,97.78,80.74
230,96.76,80.56
231,97.78,80.28
232,96.48,80.37
233,98.24,79.63
234,97.59,80.74
235,97.78,80.83
236,98.52,80.46
237,98.98,81.2
238,98.24,80.28
239,98.43,81.57
240,98.24,81.3
241,97.96,80.09
242,97.78,79.91
243,98.7,80.37
244,97.87,80.56
245,98.24,79.44
246,97.78,81.3
247,98.06,80.46
248,97.59,82.13
249,97.41,81.39
250,98.8,82.04
251,98.24,82.13
252,98.33,81.3
253,98.43,81.67
254,98.06,80.56
255,97.41,80.19
256,98.15,80.09
257,97.59,79.81
258,97.96,80.37
259,98.7,80.83
260,98.52,81.2
261,98.24,80.46
262,98.33,80.83
263,98.52,80.65
264,98.43,79.91
265,98.43,80.09
266,98.8,80.28
267,98.43,80.74
268,97.87,80.56
269,98.7,80.93
270,98.33,80.65
271,98.89,81.57
272,98.61,79.72
273,97.69,79.72
274,97.96,80.19
275,97.13,79.54
276,97.78,80.46
277,98.8,80.74
278,98.61,81.39
279,98.43,81.67
280,99.07,81.67
281,98.7,81.2
282,99.35,80.93
283,98.15,80.93
284,98.98,81.3
285,98.7,81.67
286,98.43,80.46
287,98.43,80.74
288,99.07,81.67
289,98.52,81.57
290,98.61,80.83
291,98.61,81.02
292,98.98,81.85
293,98.7,81.94
294,98.89,80.93
295,98.8,80.93
296,98.7,82.04
297,98.89,82.04
298,99.07,82.22
299,98.8,81.85
300,98.98,81.76
301,98.89,81.3
302,98.89,82.04
303,99.26,82.22
304,99.35,82.5
305,99.35,81.48
306,98.89,81.85
307,98.33,82.5
308,99.17,81.57
309,98.33,81.67
310,98.98,81.3
311,98.43,80.37
312,98.8,81.76
313,97.96,82.13
314,97.96,80.19
315,98.24,82.04
316,97.87,81.85
317,97.69,82.78
318,98.33,83.15
319,98.8,83.24
320,98.7,81.11
321,98.06,80.74
322,98.43,81.76
323,98.7,82.13
324,98.43,82.31
325,98.52,82.13
326,98.33,82.69
327,98.98,81.76
328,97.87,81.67
329,99.17,81.85
330,98.7,81.39
331,98.8,81.94
332,98.89,81.39
333,98.98,81.76
334,98.8,81.39
335,99.44,82.04
336,98.8,82.41
337,99.26,82.31
338,99.07,81.94
339,99.44,81.67
340,99.26,82.41
341,99.07,82.22
342,99.26,82.04
343,99.26,81.94
344,99.54,81.57
345,98.7,81.3
346,99.54,81.48
347,99.17,82.41
348,98.98,81.48
349,99.26,81.85
350,98.43,81.94
351,99.07,81.2
352,98.7,82.13
353,99.07,82.22
354,98.7,82.69
355,98.61,81.3
356,98.8,82.22
357,98.52,81.76
358,98.06,82.5
359,98.98,81.94
360,98.52,82.13
361,98.24,82.41
362,98.7,81.85
363,98.61,81.94
364,99.07,82.59
365,99.07,82.87
366,98.52,82.59
367,98.8,81.94
368,97.78,81.67
369,98.7,81.48
370,99.07,80.74
371,98.7,80.83
372,97.31,80.83
373,98.06,81.11
374,98.7,81.11
375,98.7,81.48
376,98.33,81.11
377,98.8,81.02
378,99.07,80.93
379,98.89,80.46
380,98.61,80.93
381,98.33,80.83
382,98.98,81.39
383,98.8,81.39
384,98.61,80.56
385,98.52,81.39
386,98.52,81.48
387,98.8,81.67
388,99.17,81.39
389,99.07,80.65
390,98.98,80.83
391,98.98,81.76
392,98.7,81.3
393,98.98,82.13
394,99.17,80.37
395,99.17,80.19
396,98.7,80.65
397,99.07,81.02
398,98.61,80.46
399,99.17,81.39
400,99.07,81.2
401,98.8,81.67
402,98.89,81.2
403,99.07,81.48
404,99.44,81.48
405,98.7,81.48
406,98.7,82.04
407,98.98,81.11
408,99.26,81.94
409,98.89,82.13
410,98.89,81.76
411,99.35,81.67
412,98.61,81.57
413,99.17,82.59
414,99.17,82.59
415,99.26,82.41
416,99.35,81.57
417,99.44,81.67
418,99.63,80.56
419,98.7,81.02
420,99.07,80.83
421,98.15,80.37
422,98.61,80.65
423,99.17,81.02
424,99.26,82.04
425,98.43,82.41
426,98.89,81.48
427,99.17,81.57
428,99.17,81.67
429,98.89,82.22
430,99.35,82.04
431,99.63,82.13
432,98.89,82.13
433,99.26,82.41
434,99.26,82.31
435,98.61,81.57
436,99.26,81.48
437,99.26,81.48
438,99.63,81.76
439,99.72,81.48
440,98.89,81.39
441,99.26,81.3
442,99.72,81.3
443,98.8,80.93
444,99.26,81.02
445,99.44,82.13
446,99.35,82.22
447,99.63,82.31
448,98.98,82.41
449,99.63,82.41
450,99.44,82.04
451,99.63,82.31
452,99.26,82.22
453,99.35,81.3
454,99.35,81.67
455,99.54,81.67
456,99.17,80.83
457,98.98,81.67
458,99.44,81.85
459,99.63,81.76
460,99.17,81.76
461,99.63,81.11
462,99.17,80.65
463,99.26,81.39
464,99.26,81.57
465,99.54,81.57
466,99.63,82.22
467,99.44,81.48
468,98.98,81.48
469,99.26,81.2
470,99.54,81.2
471,99.17,81.57
472,99.35,81.76
473,99.26,82.41
474,99.63,82.69
475,99.63,82.78
476,99.63,82.31
477,99.63,81.94
478,99.44,82.13
479,99.81,82.22
480,99.35,82.69
481,99.63,82.59
482,99.44,81.85
483,99.81,82.69
484,99.35,82.41
485,99.54,82.59
486,99.81,82.96
487,99.63,82.87
488,99.17,82.41
489,99.35,82.22
490,99.81,82.69
491,99.63,81.94
492,99.72,81.94
493,99.35,82.41
494,99.72,82.13
495,99.91,82.22
496,99.17,81.94
497,98.98,81.3
498,99.26,79.72
499,98.8,80.09
500,99.17,80.56
