epoch,train_acc,test_acc
1,52.22,66.85
2,63.8,68.98
3,64.35,68.7
4,69.26,69.63
5,70.0,70.46
6,70.09,69.54
7,69.91,69.63
8,71.02,71.2
9,70.28,70.56
10,70.19,71.94
11,72.31,71.39
12,71.85,71.02
13,73.33,71.85
14,73.43,71.67
15,72.78,73.24
16,72.96,72.13
17,72.78,72.78
18,72.87,72.87
19,74.81,72.96
20,74.26,74.44
21,74.63,73.06
22,73.06,73.61
23,76.39,75.56
24,77.13,75.28
25,76.2,74.91
26,76.11,75.0
27,78.7,76.57
28,75.56,76.67
29,76.11,75.93
30,76.3,75.93
31,76.94,77.04
32,76.02,77.22
33,77.13,77.41
34,78.8,75.56
35,77.22,75.83
36,78.89,76.2
37,77.22,77.78
38,79.07,77.87
39,79.44,77.5
40,79.35,77.59
41,79.63,77.59
42,79.35,77.5
43,78.98,76.85
44,78.24,77.87
45,80.37,77.04
46,82.04,77.87
47,81.76,78.43
48,79.63,77.96
49,81.39,76.85
50,81.02,78.43
51,80.19,77.96
52,81.85,77.69
53,78.52,77.5
54,81.76,78.33
55,82.78,77.41
56,82.87,77.5
57,82.59,79.07
58,82.78,78.15
59,82.31,78.15
60,82.13,79.07
61,82.69,77.13
62,81.2,77.41
63,81.76,78.7
64,81.2,79.07
65,83.89,78.61
66,82.87,76.94
67,82.96,77.78
68,82.78,78.15
69,83.33,78.61
70,83.98,78.33
71,83.33,78.61
72,83.33,78.15
73,86.39,79.17
74,84.07,78.15
75,81.11,78.33
76,83.98,78.52
77,83.33,79.54
78,86.2,78.7
79,85.37,78.7
80,85.65,79.07
81,85.09,78.8
82,82.59,79.72
83,85.74,79.17
84,84.91,79.26
85,85.28,79.26
86,84.26,79.91
87,85.09,80.37
88,84.54,78.43
89,83.61,78.43
90,86.39,79.26
91,85.65,79.17
92,86.85,79.72
93,87.22,79.81
94,87.59,79.63
95,86.39,79.63
96,86.48,80.46
97,87.41,80.09
98,85.65,80.37
99,86.85,79.26
100,88.89,80.37
101,87.41,79.26
102,88.7,80.46
103,86.57,80.19
104,87.59,79.81
105,86.39,79.17
106,88.89,79.91
107,87.69,79.81
108,88.06,79.72
109,87.96,80.09
110,87.59,79.44
111,87.96,78.98
112,86.76,80.09
113,88.52,79.26
114,87.96,81.02
115,87.78,80.28
116,88.52,80.0
117,88.8,79.91
118,87.78,79.81
119,87.96,78.98
120,89.63,80.28
121,88.89,78.43
122,88.7,79.54
123,88.52,79.54
124,88.89,79.63
125,89.35,79.91
126,88.33,78.89
127,88.7,80.09
128,88.61,80.83
129,89.44,80.93
130,89.54,78.89
131,87.41,80.19
132,88.33,80.56
133,90.74,80.0
134,90.0,80.28
135,89.26,79.81
136,89.54,79.72
137,90.56,80.28
138,90.19,80.93
139,90.37,80.46
140,89.63,81.48
141,89.44,80.0
142,91.02,80.37
143,90.19,80.37
144,90.19,79.26
145,89.44,80.46
146,92.13,79.44
147,91.2,81.11
148,91.02,77.69
149,90.65,80.28
150,90.74,80.56
151,90.46,79.26
152,91.48,79.63
153,90.0,81.3
154,91.02,80.28
155,91.76,80.74
156,91.94,80.0
157,90.83,80.19
158,92.13,80.83
159,91.85,79.35
160,92.69,80.56
161,90.93,80.56
162,91.67,80.74
163,91.11,81.02
164,90.46,80.46
165,92.04,79.17
166,91.67,80.74
167,92.13,79.54
168,92.22,80.65
169,91.2,80.28
170,92.78,80.0
171,91.48,80.09
172,90.93,78.8
173,91.57,80.65
174,93.24,80.28
175,93.52,80.28
176,91.94,80.09
177,91.11,79.72
178,91.48,80.56
179,91.48,80.09
180,91.57,80.19
181,91.94,79.54
182,92.13,80.09
183,93.24,79.91
184,91.85,80.0
185,92.59,80.37
186,93.06,79.35
187,92.87,80.0
188,91.48,80.37
189,92.5,80.09
190,92.41,81.02
191,93.24,81.2
192,92.78,80.83
193,92.59,79.63
194,91.11,80.46
195,92.87,80.37
196,92.5,79.63
197,93.15,80.0
198,93.61,80.19
199,92.69,81.11
200,93.24,80.19
201,94.35,81.48
202,93.8,80.0
203,94.17,79.72
204,93.06,80.0
205,93.06,80.37
206,94.44,80.46
207,92.87,79.91
208,93.33,79.54
209,93.7,80.19
210,93.8,81.02
211,94.17,80.28
212,93.61,80.37
213,93.06,80.19
214,95.0,80.37
215,93.52,80.19
216,93.61,80.09
217,94.81,80.09
218,93.61,80.93
219,94.91,79.07
220,93.43,81.02
221,93.89,79.81
222,94.35,80.0
223,93.8,80.46
224,93.61,79.54
225,93.7,80.83
226,94.81,80.56
227,93.98,80.28
228,94.17,79.44
229,92.69,80.09
230,93.15,79.81
231,92.5,79.81
232,93.52,80.28
233,93.8,80.56
234,95.09,80.28
235,93.06,80.19
236,94.35,80.28
237,94.26,80.19
238,94.17,80.65
239,93.8,80.46
240,95.28,81.2
241,93.8,80.83
242,93.8,81.39
243,93.61,80.19
244,93.24,81.11
245,93.52,80.46
246,95.19,80.28
247,94.54,81.76
248,94.72,79.63
249,93.98,80.28
250,95.28,81.11
251,94.44,81.76
252,94.26,79.26
253,93.15,78.98
254,93.89,80.09
255,93.52,81.39
256,95.09,80.46
257,94.07,81.3
258,94.54,81.48
259,93.8,81.57
260,94.54,80.65
261,94.81,81.02
262,95.37,80.83
263,95.46,80.65
264,95.09,79.44
265,94.26,81.67
266,94.54,80.37
267,94.91,80.93
268,92.69,79.91
269,94.72,81.3
270,94.54,79.91
271,93.8,80.56
272,93.52,79.91
273,95.56,80.0
274,94.72,81.11
275,95.65,80.37
276,95.09,81.11
277,95.09,80.65
278,95.46,80.56
279,95.28,80.65
280,94.17,80.65
281,94.07,80.93
282,93.89,79.63
283,94.81,79.81
284,94.35,80.74
285,95.0,80.65
286,95.19,81.11
287,94.81,80.83
288,96.11,81.02
289,95.37,80.93
290,95.19,81.76
291,94.72,81.2
292,95.0,81.3
293,94.63,81.67
294,93.15,81.3
295,94.54,80.93
296,95.28,81.11
297,95.0,80.56
298,95.28,80.46
299,94.72,79.63
300,95.0,80.74
